560
600
640
560
600
640
520
600
200
240
280
320
200
200
200
200
200
200
200
240
240
240
240
240
240
240
280
280
280
280
280
280
280
320
320
320
320
320
320
320
120
160
120
160
120
160
120
160
360
400
360
400
360
400
360
400
120
40
120
160
200
80
120
160
200
240
80
120
160
200
240
180
120
160
200
240
120
160
200
320
360
560
600
640
560
600
640
480
520
560
600
640
680
720
480
520
560
600
640
680
720
480
520
560
600
640
680
720
80
440
440
440



240
240
240
280
280
280
360
400
320
320
320
320
360
400
440
480
520
560
600
360
400
440
480
520
560
600
360
400
440
480
520
560
600
360
400
440
480
520
560
600
400
400
440
440
480
480
520
520
400
400
440
440
480
480
520
520
280
360
0
0
0
40
40
40
40
40
80
80
80
80
80
120
120
120
120
120
160
160
160
40
0
40
40
40
80
80
80
120
120
120
120
120
120
120
160
160
160
160
160
160
160
200
200
200
200
200
200
200
120
120
160
200